{"cells":[{"cell_type":"code","execution_count":null,"metadata":{"colab":{"base_uri":"https://localhost:8080/"},"executionInfo":{"elapsed":171,"status":"ok","timestamp":1707586153305,"user":{"displayName":"JUAN ESTEBAN Rojas Serna","userId":"13319126979699597677"},"user_tz":300},"id":"wGcG4Svr-7I7","outputId":"5e61abe5-1ca6-4067-9a24-8a2ac174d710"},"outputs":[{"name":"stdout","output_type":"stream","text":["Next is displayed the random rectangular Matrix:\n","\n","[[46  9 44 32  7 45 27 20 48  3]\n"," [43 18 46 24 37 46 39 35 15 24]\n"," [35 34 27 30 26  9 21 21 32 12]\n"," [ 2 30 38  2  5 45 18 24 46 38]\n"," [25 25 17 48  6 11 38  7 25 46]\n"," [33 36  4 46  2 45 43 37 13 41]\n"," [27 22  7 47 12 15 39 26 27 19]\n"," [ 5  1  6 44 16  1 38  8 46  3]\n"," [35 38 38  8 26 23  4 13 32 45]\n"," [34 35 12  9 20 22  4 43 48 23]]\n","\n","\n"," The rank of the Matrix array is:\n","\n","10\n","160175331829676.8\n","[[ 0.00331681  0.06467082  0.19336674 -0.05921782  0.23826506  0.1419533\n","  -0.62016184  0.09853444 -0.23046701  0.14982761]\n"," [-0.01159793  0.01484702  0.14807852 -0.01233504  0.09743983  0.09798519\n","  -0.33196975  0.05600649 -0.11575685  0.05300406]\n"," [ 0.01102328 -0.03841531 -0.13845206  0.04923735 -0.14703584 -0.14257394\n","   0.48734259 -0.11172531  0.15157807 -0.10682014]\n"," [ 0.02225876 -0.1306665  -0.3837681   0.07298831 -0.44337515 -0.26849084\n","   1.19235215 -0.19984929  0.45787248 -0.27631057]\n"," [-0.01111224 -0.0076496  -0.05421114 -0.00411906 -0.09038072 -0.0164738\n","   0.13798389  0.00986238  0.09405497 -0.04464482]\n"," [ 0.00901246 -0.02182858 -0.05152008  0.00264364 -0.08912439  0.00982146\n","   0.10912518  0.00561557  0.08323365 -0.04887242]\n"," [-0.02535698  0.13916281  0.41367934 -0.07382687  0.47061936  0.28516912\n","  -1.24440154  0.21432246 -0.49182873  0.2769549 ]\n"," [ 0.00218652 -0.04105646 -0.19005424  0.04987692 -0.18187925 -0.16412871\n","   0.59595167 -0.1299914   0.17227723 -0.09677118]\n"," [ 0.00164569  0.01829191  0.07670176 -0.0162795   0.09294221  0.05897479\n","  -0.26394431  0.05926317 -0.09176161  0.06640757]\n"," [-0.00378553 -0.00510807 -0.06905586  0.00667939 -0.02222369 -0.04039638\n","   0.12981493 -0.02626664  0.05214308 -0.01507726]]\n"]}],"source":["#Script to create a random values Rectangular Matrix.\n","\n","# __init__.py\n","\n","import numpy as np\n","\n","array = np.random.randint(50, size=(10, 10))\n","\n","print(\"Next is displayed the random rectangular Matrix:\\n\")\n","print(array)\n","\n","print(\"\\n\\n The rank of the Matrix array is:\\n\")\n","print(np.linalg.matrix_rank(array))\n","\n","\n","try:\n","    detArray=np.linalg.det(array)\n","    print(detArray)\n","except Exception as err:\n","    print(\"\\n\\n Oops!  It was not able to calculate the matrix determinant, it is not a square matrix\")\n","\n","\n","# Calculating the inverse of the matrix\n","invArray=np.linalg.inv(array)\n","print(invArray)\n"]},{"cell_type":"code","source":["import numpy as np\n","\n","eigenvalues, eigenvectors = np.linalg.eig([[58,53,55],[53,71,74],[55,74,86]])\n","print(\"eigenvalues:\",eigenvalues)\n","print(\"eigenvectors:\\n\",eigenvectors)"],"metadata":{"id":"Fxnleax2StwE","executionInfo":{"status":"ok","timestamp":1707606745087,"user_tz":300,"elapsed":19,"user":{"displayName":"JUAN ESTEBAN Rojas Serna","userId":"13319126979699597677"}},"outputId":"1cf472b2-7df8-4599-ce1c-abe57c8a1153","colab":{"base_uri":"https://localhost:8080/"}},"execution_count":1,"outputs":[{"output_type":"stream","name":"stdout","text":["eigenvalues: [195.32763639  15.94410775   3.72825586]\n","eigenvectors:\n"," [[ 0.48595341  0.859551    0.1581814 ]\n"," [ 0.59060595 -0.18955538 -0.78438088]\n"," [ 0.64423124 -0.47459544  0.59977103]]\n"]}]}],"metadata":{"colab":{"provenance":[]},"kernelspec":{"display_name":"Python 3","name":"python3"},"language_info":{"name":"python","version":"3.11.4"}},"nbformat":4,"nbformat_minor":0}